clock: 1965 1965 1965 1965 1965 1965 1965 1965 1965 1965 1965 1965 1965 1965 1965 1965 1965 1965 1965
 10000000  1965        2    383.5    75.4
 10000000  1965        6    383.5    75.4
 10000000  1965       10    383.5    75.4
 10000000  1965       14    383.5    75.4
 10000000  1965       19    383.5    75.4
 10000000  1965       23    383.5    75.4
 10000000  1965       28    383.6    75.4
 10000000  1965       33    383.6    75.4
 10000000  1965       39    383.6    75.4
 10000000  1965       44    383.6    75.4
 10000000  1965       50    383.6    75.4
 10000000  1965       56    383.6    75.4
 10000000  1965       62    383.6    75.4
 10000000  1965       69    383.6    75.4
 10000000  1965       75    383.6    75.4
 10000000  1965       82    384.6    75.6
 10000000  1965       90    383.6    75.4
 10000000  1965       97    383.6    75.4
 10000000  1965      105    383.6    75.4
 10000000  1965      113    383.7    75.4
 10000000  1965      122    383.7    75.4
 10000000  1965      130    383.7    75.4
 10000000  1965      140    383.7    75.4
 10000000  1965      149    383.7    75.4
 10000000  1965      159    383.7    75.4
 10000000  1965      169    383.7    75.4
 10000000  1965      180    383.7    75.4
 10000000  1965      191    570.6   112.1
 10000000  1965      203    792.1   155.7
 10000000  1965      215    768.0   150.9
 10000000  1965      227   1111.5   218.4
 10000000  1965      240   1072.2   210.7
 10000000  1965      254   1281.8   251.9
 10000000  1965      268   1432.5   281.5
 10000000  1965      283   1512.1   297.1
 10000000  1965      298   1682.0   330.5
 10000000  1965      314   1683.0   330.7
 10000000  1965      330   1681.8   330.5
 10000000  1965      348   1681.6   330.4
 10000000  1965      365   1682.3   330.6
 10000000  1965      384   1681.8   330.5
 10000000  1965      403   1681.7   330.5
 10000000  1965      424   1681.1   330.3
 10000000  1965      444   1681.2   330.4
 10000000  1965      466   1680.8   330.3
 10000000  1965      489   1680.9   330.3
 10000000  1965      512   1680.8   330.3
 10000000  1965      537   1681.2   330.4
 10000000  1965      562   1681.5   330.4
 10000000  1965      589   1681.2   330.4
 10000000  1965      616   1682.7   330.7
 10000000  1965      645   1682.8   330.7
 10000000  1965      675   1682.9   330.7
 10000000  1965      706   1682.9   330.7
 10000000  1965      738   1683.3   330.8
 10000000  1965      771   1683.8   330.9
 10000000  1965      806   1684.0   330.9
 10000000  1965      842   1683.9   330.9
 10000000  1965      880   1683.0   330.7
 10000000  1965      919   1682.8   330.7
 10000000  1965      960   1682.7   330.7
 10000000  1965     1002   1682.0   330.5
 10000000  1965     1046   1682.7   330.6
 10000000  1965     1092   1682.9   330.7
 10000000  1965     1139   1683.0   330.7
 10000000  1965     1189   1683.7   330.8
 10000000  1965     1240   1683.7   330.8
 10000000  1965     1294   1683.8   330.9
 10000000  1965     1350   1683.8   330.9
 10000000  1965     1408   1683.6   330.8
 10000000  1965     1468   1683.4   330.8
 10000000  1965     1531   1683.0   330.7
 10000000  1965     1596   1683.2   330.7
 10000000  1965     1664   1683.3   330.8
 10000000  1965     1734   1683.3   330.8
 10000000  1965     1807   1683.7   330.8
 10000000  1965     1884   1683.9   330.9
 10000000  1965     1963   1683.3   330.8
 10000000  1965     2045   1682.9   330.7
 10000000  1965     2131   1683.2   330.8
 10000000  1965     2220   1683.4   330.8
 10000000  1965     2313   1683.4   330.8
 10000000  1965     2410   1682.9   330.7
 10000000  1965     2510   1683.0   330.7
 10000000  1965     2614   1683.4   330.8
 10000000  1965     2723   1683.7   330.8
 10000000  1965     2836   1683.3   330.8
 10000000  1965     2953   1683.2   330.8
 10000000  1965     3075   1683.4   330.8
 10000000  1965     3202   1683.7   330.9
 10000000  1965     3334   1683.6   330.8
 10000000  1965     3472   1683.4   330.8
 10000000  1965     3615   1683.6   330.8
 10000000  1965     3763   1683.7   330.8
 10000000  1965     3918   1683.5   330.8
 10000000  1965     4078   1683.5   330.8
 10000000  1965     4245   1683.4   330.8
 10000000  1965     4419   1683.4   330.8
 10000000  1965     4600   1683.2   330.8
 10000000  1965     4788   1683.4   330.8
 10000000  1965     4983   1683.5   330.8
 10000000  1965     5187   1683.4   330.8
 10000000  1965     5398   1683.7   330.8
 10000000  1965     5618   1683.5   330.8
 10000000  1965     5846   1683.6   330.8
 10000000  1965     6084   1683.5   330.8
 10000000  1965     6332   1683.4   330.8
 10000000  1965     6589   1683.4   330.8
 10000000  1965     6856   1683.6   330.8
 10000000  1965     7135   1683.5   330.8
 10000000  1965     7424   1683.6   330.8
 10000000  1965     7725   1683.5   330.8
 10000000  1965     8038   1683.3   330.8
 10000000  1965     8363   1683.4   330.8
 10000000  1965     8702   1683.6   330.8
 10000000  1965     9054   1683.5   330.8
 10000000  1965     9420   1683.5   330.8
 10000000  1965     9801   1683.6   330.8
 10000000  1965    10197   1683.5   330.8
 10000000  1965    10609   1683.6   330.8
 10000000  1965    11037   1683.6   330.8
 10000000  1965    11482   1683.5   330.8
 10000000  1965    11946   1683.4   330.8
 10000000  1965    12427   1683.5   330.8
 10000000  1965    12928   1683.6   330.8
 10000000  1965    13449   1683.6   330.8
 10000000  1965    13991   1683.6   330.8
 10000000  1965    14555   1683.5   330.8
 10000000  1965    15141   1683.6   330.8
 10000000  1965    15751   1683.5   330.8
 10000000  1965    16385   1683.6   330.8
 10000000  1965    17044   1683.6   330.8
 10000000  1965    17730   1683.5   330.8
 10000000  1965    18443   1683.6   330.8
 10000000  1965    19185   1683.5   330.8
 10000000  1965    19956   1683.5   330.8
 10000000  1965    20758   1683.7   330.8
 10000000  1965    21592   1683.6   330.8
 10000000  1965    22460   1683.5   330.8
 10000000  1965    23362   1683.6   330.8
 10000000  1965    24301   1683.6   330.8
 10000000  1965    25277   1683.6   330.8
 10000000  1965    26292   1683.6   330.8
 10000000  1965    27348   1683.6   330.8
 10000000  1965    28445   1683.6   330.8
 10000000  1965    29587   1683.5   330.8
 10000000  1965    30775   1683.6   330.8
 10000000  1965    32010   1683.5   330.8
 10000000  1965    33294   1683.5   330.8
 10000000  1965    34630   1683.5   330.8
 10000000  1965    36019   1683.5   330.8
 10000000  1965    37464   1683.5   330.8
 10000000  1965    38966   1683.5   330.8
 10000000  1965    40529   1683.5   330.8
 10000000  1965    42154   1683.5   330.8
 10000000  1965    43844   1683.6   330.8
 10000000  1965    45602   1683.5   330.8
 10000000  1965    47430   1683.5   330.8
 10000000  1965    49331   1685.3   331.2
 10000000  1965    51308   1726.5   339.2
 10000000  1965    53364   1725.2   339.0
 10000000  1965    55503   1767.4   347.3
 10000000  1965    57727   1770.7   348.0
 10000000  1965    60040   1770.0   347.8
 10000000  1965    62446   1844.8   362.5
 10000000  1965    64947   2212.6   434.8
 10000000  1965    67549   2591.1   509.1
 10000000  1965    70255   2897.6   569.4
 10000000  1965    73069   3058.0   600.9
 10000000  1965    75996   3286.0   645.7
 10000000  1965    79040   3400.8   668.2
 10000000  1965    82205   3412.9   670.6
 10000000  1965    85497   3379.5   664.1
 10000000  1965    88921   3415.4   671.1
 10000000  1965    92482   3380.8   664.3
 10000000  1965    96185   3417.7   671.6
 10000000  1965   100037   3380.5   664.3
 10000000  1965   104042   3421.1   672.2
 10000000  1965   108208   3396.2   667.4
 10000000  1965   112540   3432.9   674.6
 10000000  1965   117045   3474.0   682.6
 10000000  1965   121731   3513.8   690.5
 10000000  1965   189907   4278.3   840.7
 10000000  1965   296261   4281.5   841.3
 10000000  1965   462173   4361.8   857.1
 10000000  1965   720995   4380.2   860.7
 10000000  1965  1124759   4352.7   855.3
 14037042  1965  1754630   6178.7   864.9
 21897832  1965  2737229   9649.6   865.9
