clock: 1965 1965 1965 1965 1965 1965 1965 1965 1965 1965 1965 1965 1965 1965 1965 1965 1965 1965 1965
 10000000  1965        2   1906.0   374.5
 10000000  1965        6   2066.0   406.0
 10000000  1965       10   2025.2   398.0
 10000000  1965       14   2028.4   398.6
 10000000  1965       19   2026.8   398.3
 10000000  1965       23   2042.1   401.3
 10000000  1965       28   2040.5   401.0
 10000000  1965       33   2035.4   399.9
 10000000  1965       39   2042.3   401.3
 10000000  1965       44   2043.3   401.5
 10000000  1965       50   2041.7   401.2
 10000000  1965       56   2040.4   400.9
 10000000  1965       62   2043.7   401.6
 10000000  1965       69   2040.5   401.0
 10000000  1965       75   2045.3   401.9
 10000000  1965       82   2045.5   401.9
 10000000  1965       90   2039.6   400.8
 10000000  1965       97   2038.7   400.6
 10000000  1965      105   2039.7   400.8
 10000000  1965      113   2039.4   400.7
 10000000  1965      122   2040.3   400.9
 10000000  1965      130   2039.2   400.7
 10000000  1965      140   2040.3   400.9
 10000000  1965      149   2041.3   401.1
 10000000  1965      159   2042.7   401.4
 10000000  1965      169   2043.3   401.5
 10000000  1965      180   2044.4   401.7
 10000000  1965      191   2044.7   401.8
 10000000  1965      203   2045.1   401.9
 10000000  1965      215   2043.7   401.6
 10000000  1965      227   2045.6   402.0
 10000000  1965      240   2046.2   402.1
 10000000  1965      254   2046.7   402.2
 10000000  1965      268   2045.7   402.0
 10000000  1965      283   2047.5   402.3
 10000000  1965      298   2047.1   402.3
 10000000  1965      314   2048.1   402.5
 10000000  1965      330   2046.9   402.2
 10000000  1965      348   2046.8   402.2
 10000000  1965      365   2047.5   402.3
 10000000  1965      384   2046.9   402.2
 10000000  1965      403   2046.8   402.2
 10000000  1965      424   2046.5   402.1
 10000000  1965      444   2046.5   402.1
 10000000  1965      466   2046.0   402.0
 10000000  1965      489   2046.0   402.0
 10000000  1965      512   2046.0   402.0
 10000000  1965      537   2046.4   402.1
 10000000  1965      562   2046.7   402.2
 10000000  1965      589   2046.5   402.1
 10000000  1965      616   2048.0   402.4
 10000000  1965      645   2048.1   402.5
 10000000  1965      675   2048.2   402.5
 10000000  1965      706   2048.2   402.5
 10000000  1965      738   2048.6   402.6
 10000000  1965      771   2049.1   402.6
 10000000  1965      806   2049.3   402.7
 10000000  1965      842   2049.0   402.6
 10000000  1965      880   2048.2   402.5
 10000000  1965      919   2048.1   402.5
 10000000  1965      960   2048.1   402.5
 10000000  1965     1002   2047.0   402.2
 10000000  1965     1046   2047.9   402.4
 10000000  1965     1092   2048.2   402.5
 10000000  1965     1139   2048.3   402.5
 10000000  1965     1189   2049.1   402.6
 10000000  1965     1240   2049.0   402.6
 10000000  1965     1294   2049.0   402.6
 10000000  1965     1350   2049.1   402.7
 10000000  1965     1408   2048.8   402.6
 10000000  1965     1468   2048.8   402.6
 10000000  1965     1531   2048.2   402.5
 10000000  1965     1596   2048.4   402.5
 10000000  1965     1664   2048.7   402.6
 10000000  1965     1734   2048.6   402.6
 10000000  1965     1807   2048.9   402.6
 10000000  1965     1884   2049.1   402.7
 10000000  1965     1963   2048.6   402.6
 10000000  1965     2045   2048.1   402.4
 10000000  1965     2131   2048.4   402.5
 10000000  1965     2220   2048.6   402.5
 10000000  1965     2313   2048.8   402.6
 10000000  1965     2410   2048.8   402.6
 10000000  1965     2510   2049.0   402.6
 10000000  1965     2614   2048.6   402.6
 10000000  1965     2723   2048.8   402.6
 10000000  1965     2836   2049.0   402.6
 10000000  1965     2953   2049.1   402.6
 10000000  1965     3075   2048.9   402.6
 10000000  1965     3202   2048.7   402.6
 10000000  1965     3334   2048.7   402.6
 10000000  1965     3472   2049.2   402.7
 10000000  1965     3615   2049.0   402.6
 10000000  1965     3763   2048.9   402.6
 10000000  1965     3918   2048.8   402.6
 10000000  1965     4078   2048.7   402.6
 10000000  1965     4245   2048.7   402.6
 10000000  1965     4419   2048.9   402.6
 10000000  1965     4600   2048.7   402.6
 10000000  1965     4788   2048.9   402.6
 10000000  1965     4983   2048.9   402.6
 10000000  1965     5187   2048.8   402.6
 10000000  1965     5398   2049.0   402.6
 10000000  1965     5618   2048.7   402.6
 10000000  1965     5846   2048.8   402.6
 10000000  1965     6084   2048.6   402.6
 10000000  1965     6332   2049.0   402.6
 10000000  1965     6589   2048.8   402.6
 10000000  1965     6856   2048.8   402.6
 10000000  1965     7135   2048.8   402.6
 10000000  1965     7424   2049.0   402.6
 10000000  1965     7725   2048.8   402.6
 10000000  1965     8038   2048.9   402.6
 10000000  1965     8363   2048.8   402.6
 10000000  1965     8702   2048.9   402.6
 10000000  1965     9054   2048.8   402.6
 10000000  1965     9420   2048.7   402.6
 10000000  1965     9801   2049.1   402.6
 10000000  1965    10197   2048.9   402.6
 10000000  1965    10609   2049.1   402.7
 10000000  1965    11037   2048.9   402.6
 10000000  1965    11482   2048.7   402.6
 10000000  1965    11946   2048.9   402.6
 10000000  1965    12427   2048.9   402.6
 10000000  1965    12928   2049.0   402.6
 10000000  1965    13449   2048.9   402.6
 10000000  1965    13991   2048.9   402.6
 10000000  1965    14555   2048.9   402.6
 10000000  1965    15141   2048.9   402.6
 10000000  1965    15751   2049.0   402.6
 10000000  1965    16385   2049.0   402.6
 10000000  1965    17044   2048.8   402.6
 10000000  1965    17730   2049.0   402.6
 10000000  1965    18443   2048.9   402.6
 10000000  1965    19185   2048.8   402.6
 10000000  1965    19956   2048.9   402.6
 10000000  1965    20758   2049.0   402.6
 10000000  1965    21592   2048.9   402.6
 10000000  1965    22460   2048.6   402.5
 10000000  1965    23362   2048.7   402.6
 10000000  1965    24301   2048.5   402.5
 10000000  1965    25277   2048.7   402.6
 10000000  1965    26292   2048.7   402.6
 10000000  1965    27348   2048.7   402.6
 10000000  1965    28445   2048.7   402.6
 10000000  1965    29587   2048.6   402.6
 10000000  1965    30775   2048.7   402.6
 10000000  1965    32010   2048.5   402.5
 10000000  1965    33294   2048.7   402.6
 10000000  1965    34630   2048.9   402.6
 10000000  1965    36019   2048.8   402.6
 10000000  1965    37464   2048.8   402.6
 10000000  1965    38966   2048.8   402.6
 10000000  1965    40529   2048.7   402.6
 10000000  1965    42154   2048.6   402.5
 10000000  1965    43844   2048.8   402.6
 10000000  1965    45602   2048.6   402.5
 10000000  1965    47430   2048.6   402.5
 10000000  1965    49331   2048.5   402.5
 10000000  1965    51308   2048.8   402.6
 10000000  1965    53364   2048.7   402.6
 10000000  1965    55503   2092.1   411.1
 10000000  1965    57727   2159.7   424.4
 10000000  1965    60040   2161.1   424.7
 10000000  1965    62446   2461.9   483.8
 10000000  1965    64947   2958.6   581.4
 10000000  1965    67549   2986.9   586.9
 10000000  1965    70255   3441.9   676.3
 10000000  1965    73069   3580.1   703.5
