clock: 1980 1980 1980 1980 1980 1980 1980 1980 1980 1980 1980 1980 1980 1980 1980 1980 1980 1980 1980 1980
 10000000  1980        2   1972.0   390.5
 10000000  1980        6   1956.8   387.4
 10000000  1980       10   1944.8   385.1
 10000000  1980       14   1947.5   385.6
 10000000  1980       19   1947.8   385.7
 10000000  1980       23   1944.4   385.0
 10000000  1980       28   1943.2   384.8
 10000000  1980       33   1936.4   383.4
 10000000  1980       39   1935.8   383.3
 10000000  1980       44   1937.7   383.7
 10000000  1980       50   1934.7   383.1
 10000000  1980       56   1934.7   383.1
 10000000  1980       62   1934.5   383.0
 10000000  1980       69   1935.8   383.3
 10000000  1980       75   1934.0   382.9
 10000000  1980       82   1935.4   383.2
 10000000  1980       90   1935.6   383.2
 10000000  1980       97   1935.7   383.3
 10000000  1980      105   1936.3   383.4
 10000000  1980      113   1936.5   383.4
 10000000  1980      122   1936.3   383.4
 10000000  1980      130   1935.2   383.2
 10000000  1980      140   1939.1   383.9
 10000000  1980      149   1941.8   384.5
 10000000  1980      159   1945.3   385.2
 10000000  1980      169   1945.6   385.2
 10000000  1980      180   1946.0   385.3
 10000000  1980      191   1945.2   385.1
 10000000  1980      203   1948.0   385.7
 10000000  1980      215   1950.1   386.1
 10000000  1980      227   1951.6   386.4
 10000000  1980      240   1950.4   386.2
 10000000  1980      254   1950.4   386.2
 10000000  1980      268   1950.3   386.2
 10000000  1980      283   1950.1   386.1
 10000000  1980      298   1949.3   386.0
 10000000  1980      314   1948.4   385.8
 10000000  1980      330   1947.0   385.5
 10000000  1980      348   1947.3   385.6
 10000000  1980      365   1946.4   385.4
 10000000  1980      384   1944.9   385.1
 10000000  1980      403   1945.0   385.1
 10000000  1980      424   1945.2   385.1
 10000000  1980      444   1945.3   385.2
 10000000  1980      466   1945.4   385.2
 10000000  1980      489   1945.4   385.2
 10000000  1980      512   1945.7   385.2
 10000000  1980      537   1946.7   385.4
 10000000  1980      562   1947.6   385.6
 10000000  1980      589   1948.7   385.8
 10000000  1980      616   1949.1   385.9
 10000000  1980      645   1949.5   386.0
 10000000  1980      675   1948.4   385.8
 10000000  1980      706   1947.3   385.6
 10000000  1980      738   1946.0   385.3
 10000000  1980      771   1945.2   385.2
 10000000  1980      806   1945.9   385.3
 10000000  1980      842   1946.4   385.4
 10000000  1980      880   1946.6   385.4
 10000000  1980      919   1947.4   385.6
 10000000  1980      960   1947.5   385.6
 10000000  1980     1002   1948.2   385.7
 10000000  1980     1046   1947.3   385.6
 10000000  1980     1092   1946.6   385.4
 10000000  1980     1139   1945.4   385.2
 10000000  1980     1189   1946.0   385.3
 10000000  1980     1240   1946.7   385.4
 10000000  1980     1294   1947.1   385.5
 10000000  1980     1350   1947.3   385.6
 10000000  1980     1408   1947.3   385.6
 10000000  1980     1468   1946.7   385.4
 10000000  1980     1531   1946.0   385.3
 10000000  1980     1596   1946.8   385.5
 10000000  1980     1664   1947.7   385.6
 10000000  1980     1734   1947.3   385.6
 10000000  1980     1807   1946.9   385.5
 10000000  1980     1884   1946.7   385.4
 10000000  1980     1963   1947.1   385.5
 10000000  1980     2045   1947.9   385.7
 10000000  1980     2131   1947.0   385.5
 10000000  1980     2220   1946.8   385.5
 10000000  1980     2313   1947.1   385.5
 10000000  1980     2410   1947.6   385.6
 10000000  1980     2510   1947.0   385.5
 10000000  1980     2614   1946.8   385.5
 10000000  1980     2723   1947.3   385.6
 10000000  1980     2836   1947.3   385.6
 10000000  1980     2953   1946.6   385.4
 10000000  1980     3075   1947.3   385.6
 10000000  1980     3202   1947.2   385.5
 10000000  1980     3334   1946.9   385.5
 10000000  1980     3472   1947.5   385.6
 10000000  1980     3615   1946.9   385.5
 10000000  1980     3763   1947.4   385.6
 10000000  1980     3918   1947.1   385.5
 10000000  1980     4078   1947.1   385.5
 10000000  1980     4245   1947.2   385.5
 10000000  1980     4419   1947.0   385.5
 10000000  1980     4600   1947.1   385.5
 10000000  1980     4788   1947.0   385.5
 10000000  1980     4983   1947.0   385.5
 10000000  1980     5187   1947.4   385.6
 10000000  1980     5398   1946.9   385.5
 10000000  1980     5618   1947.2   385.6
 10000000  1980     5846   1947.1   385.5
 10000000  1980     6084   1947.1   385.5
 10000000  1980     6332   1947.2   385.5
 10000000  1980     6589   1947.3   385.6
 10000000  1980     6856   1947.1   385.5
 10000000  1980     7135   1946.9   385.5
 10000000  1980     7424   1947.2   385.6
 10000000  1980     7725   1947.2   385.5
 10000000  1980     8038   1947.4   385.6
 10000000  1980     8363   1947.3   385.6
 10000000  1980     8702   1947.2   385.5
 10000000  1980     9054   1947.2   385.5
 10000000  1980     9420   1947.3   385.6
 10000000  1980     9801   1947.2   385.5
 10000000  1980    10197   1947.3   385.6
 10000000  1980    10609   1947.2   385.5
 10000000  1980    11037   1947.1   385.5
 10000000  1980    11482   1947.2   385.5
 10000000  1980    11946   1947.1   385.5
 10000000  1980    12427   1947.1   385.5
 10000000  1980    12928   1947.2   385.5
 10000000  1980    13449   1947.2   385.5
 10000000  1980    13991   1947.2   385.5
 10000000  1980    14555   1947.0   385.5
 10000000  1980    15141   1947.3   385.6
 10000000  1980    15751   1947.1   385.5
 10000000  1980    16385   1947.0   385.5
 10000000  1980    17044   1947.1   385.5
 10000000  1980    17730   1947.1   385.5
 10000000  1980    18443   1947.1   385.5
 10000000  1980    19185   1947.0   385.5
 10000000  1980    19956   1947.1   385.5
 10000000  1980    20758   1947.1   385.5
 10000000  1980    21592   1947.1   385.5
 10000000  1980    22460   1947.1   385.5
 10000000  1980    23362   1947.3   385.6
 10000000  1980    24301   1947.2   385.6
 10000000  1980    25277   1947.2   385.5
 10000000  1980    26292   1948.5   385.8
 10000000  1980    27348   1981.3   392.3
 10000000  1980    28445   2011.1   398.2
 10000000  1980    29587   2044.2   404.8
 10000000  1980    30775   2349.2   465.1
 10000000  1980    32010   2707.7   536.1
 10000000  1980    33294   2982.8   590.6
 10000000  1980    34630   3071.1   608.1
 10000000  1980    36019   3067.9   607.4
 10000000  1980    37464   3103.9   614.6
 10000000  1980    38966   3104.7   614.7
 10000000  1980    40529   3104.5   614.7
 10000000  1980    42154   3101.5   614.1
 10000000  1980    43844   3100.4   613.9
 10000000  1980    45602   3101.8   614.2
 10000000  1980    47430   3103.9   614.6
 10000000  1980    49331   3104.7   614.7
 10000000  1980    51308   3104.0   614.6
 10000000  1980    53364   3104.4   614.7
 10000000  1980    55503   3122.4   618.2
 10000000  1980    57727   3186.7   631.0
 10000000  1980    60040   3308.5   655.1
 10000000  1980    62446   3653.6   723.4
 10000000  1980    64947   3776.4   747.7
 10000000  1980    67549   3812.4   754.9
 10000000  1980    70255   3827.5   757.8
 10000000  1980    73069   3830.8   758.5
 10000000  1980    75996   3832.7   758.9
 10000000  1980    79040   3833.5   759.0
 10000000  1980    82205   3835.1   759.4
 10000000  1980    85497   3837.0   759.7
 10000000  1980    88921   3837.2   759.8
 10000000  1980    92482   3835.8   759.5
 10000000  1980    96185   3840.4   760.4
 10000000  1980   100037   3836.9   759.7
 10000000  1980   104042   3842.2   760.8
 10000000  1980   108208   3842.8   760.9
 10000000  1980   112540   3842.3   760.8
 10000000  1980   117045   3845.4   761.4
 10000000  1980   121731   3832.3   758.8
 10000000  1980   189907   3851.3   762.6
 10000000  1980   296261   3852.4   762.8
 10000000  1980   462173   3879.4   768.1
 10000000  1980   720995   3890.7   770.4
 10000000  1980  1124759   3897.4   771.7
 14037042  1980  1754630   5478.6   772.8
 21897832  1980  2737229   8552.9   773.4
