clock: 1980 1980 1980 1980 1980 1980 1980 1980 1980 1980 1980 1980 1980 1980 1980 1980 1980 1980 1980 1980
 10000000  1980        2    161.6    32.0
 10000000  1980        6    161.6    32.0
 10000000  1980       10    161.6    32.0
 10000000  1980       14    161.6    32.0
 10000000  1980       19    161.7    32.0
 10000000  1980       23    161.7    32.0
 10000000  1980       28    161.7    32.0
 10000000  1980       33    161.7    32.0
 10000000  1980       39    161.7    32.0
 10000000  1980       44    161.7    32.0
 10000000  1980       50    161.7    32.0
 10000000  1980       56    161.7    32.0
 10000000  1980       62    161.7    32.0
 10000000  1980       69    161.7    32.0
 10000000  1980       75    161.7    32.0
 10000000  1980       82    161.7    32.0
 10000000  1980       90    161.7    32.0
 10000000  1980       97    161.7    32.0
 10000000  1980      105    161.7    32.0
 10000000  1980      113    161.8    32.0
 10000000  1980      122    161.8    32.0
 10000000  1980      130    161.8    32.0
 10000000  1980      140    161.8    32.0
 10000000  1980      149    161.8    32.0
 10000000  1980      159    161.8    32.0
 10000000  1980      169    161.8    32.0
 10000000  1980      180    161.8    32.0
 10000000  1980      191    161.8    32.0
 10000000  1980      203    161.8    32.0
 10000000  1980      215    161.8    32.0
 10000000  1980      227    279.4    55.3
 10000000  1980      240    415.2    82.2
 10000000  1980      254    494.7    97.9
 10000000  1980      268    579.8   114.8
 10000000  1980      283    633.0   125.3
 10000000  1980      298    679.9   134.6
 10000000  1980      314    708.7   140.3
 10000000  1980      330    747.2   148.0
 10000000  1980      348    789.5   156.3
 10000000  1980      365    831.9   164.7
 10000000  1980      384    864.6   171.2
 10000000  1980      403    910.5   180.3
 10000000  1980      424    922.3   182.6
 10000000  1980      444    953.2   188.7
 10000000  1980      466    975.2   193.1
 10000000  1980      489   1001.3   198.3
 10000000  1980      512   1034.6   204.9
 10000000  1980      537   1049.5   207.8
 10000000  1980      562   1069.9   211.8
 10000000  1980      589   1086.9   215.2
 10000000  1980      616   1104.5   218.7
 10000000  1980      645   1128.8   223.5
 10000000  1980      675   1136.2   225.0
 10000000  1980      706   1152.8   228.3
 10000000  1980      738   1164.9   230.7
 10000000  1980      771   1182.2   234.1
 10000000  1980      806   1191.7   236.0
 10000000  1980      842   1202.5   238.1
 10000000  1980      880   1219.2   241.4
 10000000  1980      919   1227.2   243.0
 10000000  1980      960   1233.5   244.2
 10000000  1980     1002   1252.1   247.9
 10000000  1980     1046   1254.9   248.5
 10000000  1980     1092   1261.8   249.8
 10000000  1980     1139   1271.0   251.7
 10000000  1980     1189   1277.6   253.0
 10000000  1980     1240   1285.0   254.4
 10000000  1980     1294   1293.7   256.1
 10000000  1980     1350   1298.4   257.1
 10000000  1980     1408   1308.7   259.1
 10000000  1980     1468   1309.9   259.4
 10000000  1980     1531   1316.4   260.6
 10000000  1980     1596   1322.3   261.8
 10000000  1980     1664   1329.8   263.3
 10000000  1980     1734   1331.9   263.7
 10000000  1980     1807   1338.3   265.0
 10000000  1980     1884   1342.9   265.9
 10000000  1980     1963   1345.6   266.4
 10000000  1980     2045   1350.5   267.4
 10000000  1980     2131   1353.0   267.9
 10000000  1980     2220   1356.6   268.6
 10000000  1980     2313   1360.7   269.4
 10000000  1980     2410   1364.2   270.1
 10000000  1980     2510   1365.9   270.4
 10000000  1980     2614   1367.8   270.8
 10000000  1980     2723   1372.0   271.7
 10000000  1980     2836   1374.5   272.2
 10000000  1980     2953   1379.2   273.1
 10000000  1980     3075   1382.6   273.7
 10000000  1980     3202   1386.2   274.5
 10000000  1980     3334   1390.0   275.2
 10000000  1980     3472   1392.7   275.7
 10000000  1980     3615   1411.5   279.5
 10000000  1980     3763   1412.6   279.7
 10000000  1980     3918   1413.0   279.8
 10000000  1980     4078   1413.2   279.8
 10000000  1980     4245   1415.5   280.3
 10000000  1980     4419   1413.6   279.9
 10000000  1980     4600   1415.6   280.3
 10000000  1980     4788   1415.2   280.2
 10000000  1980     4983   1415.7   280.3
 10000000  1980     5187   1416.9   280.6
 10000000  1980     5398   1417.1   280.6
 10000000  1980     5618   1417.5   280.7
 10000000  1980     5846   1424.2   282.0
 10000000  1980     6084   1445.9   286.3
 10000000  1980     6332   1483.3   293.7
 10000000  1980     6589   1506.4   298.3
 10000000  1980     6856   1510.3   299.0
 10000000  1980     7135   1505.3   298.1
 10000000  1980     7424   1503.2   297.6
 10000000  1980     7725   1501.7   297.3
 10000000  1980     8038   1498.7   296.7
 10000000  1980     8363   1496.8   296.4
 10000000  1980     8702   1494.6   295.9
 10000000  1980     9054   1509.8   298.9
 10000000  1980     9420   1527.4   302.4
 10000000  1980     9801   1526.0   302.2
 10000000  1980    10197   1523.0   301.6
 10000000  1980    10609   1528.5   302.6
 10000000  1980    11037   1530.6   303.1
 10000000  1980    11482   1527.5   302.5
 10000000  1980    11946   1532.1   303.4
 10000000  1980    12427   1569.0   310.7
 10000000  1980    12928   1591.4   315.1
 10000000  1980    13449   1610.5   318.9
 10000000  1980    13991   1687.3   334.1
 10000000  1980    14555   1710.9   338.8
 10000000  1980    15141   1752.8   347.0
 10000000  1980    15751   1853.1   366.9
 10000000  1980    16385   1939.1   383.9
 10000000  1980    17044   2018.8   399.7
 10000000  1980    17730   2090.7   414.0
 10000000  1980    18443   2184.3   432.5
 10000000  1980    19185   2248.9   445.3
 10000000  1980    19956   2323.1   460.0
 10000000  1980    20758   2375.8   470.4
 10000000  1980    21592   2467.6   488.6
 10000000  1980    22460   2522.8   499.5
 10000000  1980    23362   2552.9   505.5
 10000000  1980    24301   2582.9   511.4
 10000000  1980    25277   2614.2   517.6
 10000000  1980    26292   2641.9   523.1
 10000000  1980    27348   2660.2   526.7
 10000000  1980    28445   2699.1   534.4
 10000000  1980    29587   2711.2   536.8
 10000000  1980    30775   2743.9   543.3
 10000000  1980    32010   2788.2   552.1
 10000000  1980    33294   2817.4   557.8
 10000000  1980    34630   2862.7   566.8
 10000000  1980    36019   2915.0   577.2
 10000000  1980    37464   2953.5   584.8
 10000000  1980    38966   3010.6   596.1
 10000000  1980    40529   3069.7   607.8
 10000000  1980    42154   3125.2   618.8
 10000000  1980    43844   3168.3   627.3
 10000000  1980    45602   3216.1   636.8
 10000000  1980    47430   3237.0   640.9
 10000000  1980    49331   3272.3   647.9
 10000000  1980    51308   3283.5   650.1
 10000000  1980    53364   3301.1   653.6
 10000000  1980    55503   3304.1   654.2
 10000000  1980    57727   3310.5   655.5
 10000000  1980    60040   3313.1   656.0
 10000000  1980    62446   3316.5   656.7
 10000000  1980    64947   3312.8   655.9
 10000000  1980    67549   3319.0   657.2
 10000000  1980    70255   3320.6   657.5
 10000000  1980    73069   3319.1   657.2
 10000000  1980    75996   3319.0   657.2
 10000000  1980    79040   3320.6   657.5
 10000000  1980    82205   3313.6   656.1
 10000000  1980    85497   3322.0   657.8
 10000000  1980    88921   3322.2   657.8
 10000000  1980    92482   3322.4   657.8
 10000000  1980    96185   3322.9   657.9
 10000000  1980   100037   3322.6   657.9
 10000000  1980   104042   3324.2   658.2
 10000000  1980   108208   3324.5   658.2
 10000000  1980   112540   3314.7   656.3
 10000000  1980   117045   3324.3   658.2
 10000000  1980   121731   3318.3   657.0
 10000000  1980   189907   3326.9   658.7
 10000000  1980   296261   3334.1   660.2
 10000000  1980   462173   3350.8   663.5
 10000000  1980   720995   3361.7   665.6
 10000000  1980  1124759   3370.0   667.3
 14037042  1980  1754630   4736.5   668.1
 21897832  1980  2737229   7395.2   668.7
