clock: 1980 1980 1980 1980 1980 1980 1980 1980 1980 1980 1980 1980 1980 1980 1980 1980 1980 1980 1980 1980
 10000000  1980        2    380.4    75.3
 10000000  1980        6    380.4    75.3
 10000000  1980       10    380.4    75.3
 10000000  1980       14    380.4    75.3
 10000000  1980       19    380.4    75.3
 10000000  1980       23    380.4    75.3
 10000000  1980       28    380.4    75.3
 10000000  1980       33    380.4    75.3
 10000000  1980       39    380.4    75.3
 10000000  1980       44    380.4    75.3
 10000000  1980       50    380.4    75.3
 10000000  1980       56    380.4    75.3
 10000000  1980       62    380.4    75.3
 10000000  1980       69    380.4    75.3
 10000000  1980       75    380.5    75.3
 10000000  1980       82    380.5    75.3
 10000000  1980       90    380.5    75.3
 10000000  1980       97    380.5    75.3
 10000000  1980      105    380.5    75.3
 10000000  1980      113    380.5    75.3
 10000000  1980      122    380.5    75.3
 10000000  1980      130    380.5    75.3
 10000000  1980      140    380.5    75.3
 10000000  1980      149    380.5    75.3
 10000000  1980      159    380.5    75.3
 10000000  1980      169    380.5    75.3
 10000000  1980      180    380.6    75.4
 10000000  1980      191    554.8   109.8
 10000000  1980      203    760.4   150.6
 10000000  1980      215    740.3   146.6
 10000000  1980      227   1062.4   210.3
 10000000  1980      240   1026.2   203.2
 10000000  1980      254   1295.9   256.6
 10000000  1980      268   1361.4   269.6
 10000000  1980      283   1435.7   284.3
 10000000  1980      298   1593.9   315.6
 10000000  1980      314   1593.1   315.4
 10000000  1980      330   1591.7   315.2
 10000000  1980      348   1592.1   315.2
 10000000  1980      365   1591.1   315.0
 10000000  1980      384   1589.7   314.8
 10000000  1980      403   1589.7   314.8
 10000000  1980      424   1589.8   314.8
 10000000  1980      444   1590.0   314.8
 10000000  1980      466   1590.1   314.8
 10000000  1980      489   1590.2   314.9
 10000000  1980      512   1590.4   314.9
 10000000  1980      537   1591.3   315.1
 10000000  1980      562   1592.3   315.3
 10000000  1980      589   1593.3   315.5
 10000000  1980      616   1593.8   315.6
 10000000  1980      645   1594.2   315.6
 10000000  1980      675   1592.9   315.4
 10000000  1980      706   1591.9   315.2
 10000000  1980      738   1590.6   314.9
 10000000  1980      771   1589.9   314.8
 10000000  1980      806   1590.6   314.9
 10000000  1980      842   1591.1   315.0
 10000000  1980      880   1591.3   315.1
 10000000  1980      919   1592.1   315.2
 10000000  1980      960   1592.1   315.2
 10000000  1980     1002   1592.8   315.4
 10000000  1980     1046   1591.9   315.2
 10000000  1980     1092   1591.2   315.1
 10000000  1980     1139   1590.1   314.8
 10000000  1980     1189   1590.6   314.9
 10000000  1980     1240   1591.4   315.1
 10000000  1980     1294   1591.8   315.2
 10000000  1980     1350   1591.8   315.2
 10000000  1980     1408   1592.0   315.2
 10000000  1980     1468   1591.3   315.1
 10000000  1980     1531   1590.6   314.9
 10000000  1980     1596   1591.5   315.1
 10000000  1980     1664   1592.3   315.3
 10000000  1980     1734   1591.9   315.2
 10000000  1980     1807   1591.5   315.1
 10000000  1980     1884   1591.4   315.1
 10000000  1980     1963   1591.9   315.2
 10000000  1980     2045   1592.6   315.3
 10000000  1980     2131   1591.7   315.2
 10000000  1980     2220   1591.4   315.1
 10000000  1980     2313   1591.8   315.2
 10000000  1980     2410   1592.3   315.3
 10000000  1980     2510   1591.8   315.2
 10000000  1980     2614   1591.5   315.1
 10000000  1980     2723   1592.0   315.2
 10000000  1980     2836   1591.9   315.2
 10000000  1980     2953   1591.2   315.1
 10000000  1980     3075   1592.0   315.2
 10000000  1980     3202   1591.7   315.2
 10000000  1980     3334   1591.6   315.1
 10000000  1980     3472   1592.1   315.2
 10000000  1980     3615   1591.6   315.1
 10000000  1980     3763   1592.0   315.2
 10000000  1980     3918   1591.9   315.2
 10000000  1980     4078   1591.8   315.2
 10000000  1980     4245   1591.9   315.2
 10000000  1980     4419   1591.6   315.1
 10000000  1980     4600   1591.8   315.2
 10000000  1980     4788   1591.7   315.2
 10000000  1980     4983   1591.7   315.2
 10000000  1980     5187   1592.0   315.2
 10000000  1980     5398   1591.7   315.1
 10000000  1980     5618   1592.0   315.2
 10000000  1980     5846   1591.9   315.2
 10000000  1980     6084   1591.7   315.2
 10000000  1980     6332   1591.9   315.2
 10000000  1980     6589   1592.0   315.2
 10000000  1980     6856   1591.8   315.2
 10000000  1980     7135   1591.6   315.1
 10000000  1980     7424   1591.9   315.2
 10000000  1980     7725   1591.9   315.2
 10000000  1980     8038   1592.1   315.2
 10000000  1980     8363   1592.0   315.2
 10000000  1980     8702   1591.9   315.2
 10000000  1980     9054   1591.8   315.2
 10000000  1980     9420   1591.8   315.2
 10000000  1980     9801   1591.9   315.2
 10000000  1980    10197   1591.9   315.2
 10000000  1980    10609   1591.9   315.2
 10000000  1980    11037   1591.8   315.2
 10000000  1980    11482   1591.8   315.2
 10000000  1980    11946   1591.9   315.2
 10000000  1980    12427   1591.8   315.2
 10000000  1980    12928   1591.9   315.2
 10000000  1980    13449   1591.9   315.2
 10000000  1980    13991   1591.8   315.2
 10000000  1980    14555   1591.8   315.2
 10000000  1980    15141   1591.8   315.2
 10000000  1980    15751   1591.8   315.2
 10000000  1980    16385   1591.8   315.2
 10000000  1980    17044   1591.9   315.2
 10000000  1980    17730   1591.8   315.2
 10000000  1980    18443   1591.8   315.2
 10000000  1980    19185   1591.8   315.2
 10000000  1980    19956   1591.9   315.2
 10000000  1980    20758   1592.0   315.2
 10000000  1980    21592   1592.0   315.2
 10000000  1980    22460   1591.8   315.2
 10000000  1980    23362   1591.9   315.2
 10000000  1980    24301   1592.0   315.2
 10000000  1980    25277   1591.9   315.2
 10000000  1980    26292   1593.1   315.4
 10000000  1980    27348   1620.9   320.9
 10000000  1980    28445   1647.2   326.1
 10000000  1980    29587   1672.8   331.2
 10000000  1980    30775   1981.0   392.2
 10000000  1980    32010   2345.2   464.3
 10000000  1980    33294   2623.9   519.5
 10000000  1980    34630   2714.0   537.4
 10000000  1980    36019   2711.8   536.9
 10000000  1980    37464   2748.9   544.3
 10000000  1980    38966   2749.1   544.3
 10000000  1980    40529   2748.9   544.3
 10000000  1980    42154   2746.9   543.9
 10000000  1980    43844   2744.5   543.4
 10000000  1980    45602   2746.8   543.9
 10000000  1980    47430   2748.1   544.1
 10000000  1980    49331   2748.9   544.3
 10000000  1980    51308   2747.2   544.0
 10000000  1980    53364   2747.6   544.0
 10000000  1980    55503   2763.1   547.1
 10000000  1980    57727   2820.9   558.5
 10000000  1980    60040   2936.3   581.4
 10000000  1980    62446   3295.4   652.5
 10000000  1980    64947   3419.5   677.1
 10000000  1980    67549   3457.8   684.6
 10000000  1980    70255   3473.6   687.8
 10000000  1980    73069   3473.5   687.8
 10000000  1980    75996   3476.0   688.3
 10000000  1980    79040   3477.8   688.6
 10000000  1980    82205   3479.2   688.9
 10000000  1980    85497   3480.7   689.2
 10000000  1980    88921   3482.0   689.4
 10000000  1980    92482   3479.6   689.0
 10000000  1980    96185   3484.7   690.0
 10000000  1980   100037   3480.4   689.1
 10000000  1980   104042   3486.4   690.3
 10000000  1980   108208   3487.2   690.5
 10000000  1980   112540   3486.4   690.3
 10000000  1980   117045   3489.0   690.8
 10000000  1980   121731   3476.0   688.3
 10000000  1980   189907   3495.9   692.2
 10000000  1980   296261   3497.1   692.4
 10000000  1980   462173   3524.4   697.8
 10000000  1980   720995   3535.3   700.0
 10000000  1980  1124759   3542.9   701.5
 14037042  1980  1754630   4979.9   702.4
 21897832  1980  2737229   7775.2   703.0
